516
385
450
579
572
461
480
715
938
850
536
355
516
823
1002
1086
1442
2238
3227
4072
4731
5367
6075
6671
6867
6582
5913
4978
3900
2828
1894
1080
253
-606
-1276
-1471
-1217
-897
-876
-1112
-1242
-1008
-571
-339
-509
-864
-984
-719
-284
-19
-21
-92
-15
192
371
422
396
394
379
317
249
308
495
639
602
452
405
554
776
895
907
918
935
892
744
592
548
589
609
535
422
373
409
517
696
901
997
896
703
629
766
957
973
797
617
629
756
844
883
952
1057
1048
848
592
531
735
1023
1138
1048
928
933
1099
1299
1384
1292
1066
863
834
993
1187
1226
1107
976
1068
1393
1674
1646
1323
1023
1058
1359
1512
1272
899
897
1406
1996
2123
1733
1287
1261
1631
1975
1949
1603
1254
1172
1394
1724
1913
1850
1606
1413
1444
1654
1817
1766
1580
1398
1353
1378
1356
1294
1303
1423
1538
1471
1180
889
866
1100
1284
1164
877
790
1016
1220
1045
596
322
423
602
458
65
-142
52
375
451
317
289
474
612
463
132
-35
95
262
155
-150
-312
-152
195
438
448
357
330
380
403
348
247
182
194
218
177
91
55
120
241
302
275
220
255
389
508
506
361
213
211
362
537
599
512
369
317
394
483
505
489
518
609
675
627
544
607
849
1026
882
480
142
172
508
798
804
623
526
638
860
1000
976
862
775
721
677
629
597
639
761
899
947
885
782
743
811
870
804
652
573
614
679
643
547
560
750
955
942
755
603
615
703
733
744
824
919
880
728
689
882
1068
930
515
279
517
942
1003
580
153
218
685
1053
1006
736
613
755
998
1148
1152
1041
845
671
660
832
1000
954
747
622
747
969
1000
799
641
726
943
1008
805
529
442
643
948
1098
1010
783
625
648
759
783
669
501
435
499
594
613
591
619
697
774
792
723
638
648
804
1008
1083
923
665
592
804
1084
1145
956
747
710
800
863
864
888
959
956
852
777
887
1116
1278
1248
1162
1192
1341
1465
1474
1393
1305
1220
1108
943
816
844
1023
1217
1243
1079
893
874
1017
1112
1006
785
657
712
830
825
699
618
702
868
911
743
509
414
504
634
660
608
605
719
855
826
661
596
804
1089
1063
618
135
151
679
1124
924
245
-157
200
968
1366
1076
567
486
886
1254
1116
590
190
195
411
535
473
388
435
597
843
1210
1756
2438
3128
3829
4682
5643
6504
6977
6938
6507
5865
5047
4043
2872
1635
457
-517
-1102
-1193
-975
-830
-959
-1203
-1199
-884
-587
-624
-925
-1104
-941
-619
-397
-320
-217
19
230
220
24
-125
-60
177
330
331
264
271
411
584
632
538
387
290
280
312
343
376
454
576
685
696
635
624
743
908
918
702
460
480
783
1042
939
578
340
477
840
1045
942
769
773
927
994
860
685
649
723
756
699
682
819
1012
1067
963
895
996
1173
1223
1051
823
769
951
1212
1323
1211
1007
938
1083
1300
1390
1261
1065
1030
1192
1410
1537
1548
1533
1560
1573
1527
1449
1437
1543
1673
1712
1646
1566
1612
1819
2072
2154
1965
1654
1481
1589
1810
1842
1571
1263
1232
1491
1746
1735
1541
1458
1572
1642
1443
1084
917
1097
1339
1293
997
799
927
1195
1254
1048
820
767
796
709
556
524
703
866
799
563
408
483
629
638
449
216
50
-34
-49
28
168
256
163
-50
-174
-81
126
254
215
121
107
183
260
309
358
423
451
379
240
153
191
281
314
236
134
133
258
421
487
445
386
437
558
612
533
436
457
604
717
678
534
416
389
416
432
434
443
471
523
634
771
851
802
689
654
757
845
748
524
421
556
801
863
709
567
656
879
972
828
652
645
751
757
593
460
555
786
903
780
572
509
634
785
808
698
543
461
524
676
785
725
538
428
572
875
1044
921
682
604
785
983
940
660
448
536
863
1122
1077
790
550
599
864
1031
910
553
279
322
605
816
750
525
443
659
971
1057
857
609
522
573
625
609
579
582
573
568
686
934
1091
941
596
436
693
1089
1174
883
595
632
899
1036
904
680
618
713
782
704
554
469
497
607
731
779
722
653
673
803
922
906
775
655
610
605
646
778
987
1110
985
746
689
920
1170
1064
670
434
697
1191
1358
1039
688
779
1246
1554
1364
939
756
952
1223
1254
1084
964
1002
1108
1171
1180
1149
1056
908
780
810
976
1111
1101
974
868
837
819
775
674
584
508
432
328
248
302
557
901
1108
995
704
609
875
1237
1264
852
331
103
218
408
469
462
519
641
708
672
651
725
800
795
715
658
662
661
652
715
907
1083
1045
785
559
564
700
755
702
742
1042
1475
1852
2263
3037
4243
5462
6220
6448
6508
6631
6607
6049
4931
3574
2305
1206
238
-509
-928
-1124
-1300
-1457
-1386
-1050
-672
-562
-694
-770
-661
-528
-582
-719
-635
-305
-50
-112
-315
-280
78
403
347
48
-20
323
762
823
468
113
166
509
748
651
376
283
449
675
756
657
513
416
417
495
658
841
909
813
658
613
702
793
774
689
648
658
669
662
724
914
1102
1076
802
518
535
847
1135
1076
769
598
800
1186
1320
1056
701
617
834
1025
945
733
723
1012
1358
1493
1417
1283
1222
1245
1291
1322
1309
1227
1131
1115
1242
1445
1553
1538
1501
1494
1449
1273
1110
1184
1511
1771
1699
1406
1307
1629
2098
2236
1903
1459
1341
1597
1874
1853
1557
1305
1324
1526
1667
1578
1318
1152
1244
1517
1706
1615
1317
1051
1011
1175
1319
1255
999
729
609
660
779
829
776
659
552
496
460
416
352
300
253
214
204
256
321
318
233
165
228
368
393
212
-59
-223
-157
18
105
-7
-187
-206
24
364
527
399
167
138
358
532
379
-35
-299
-123
304
543
364
17
-90
170
505
560
302
37
39
248
406
390
352
448
609
628
514
451
607
838
854
634
451
539
752
778
555
352
397
598
686
569
474
602
881
1053
955
726
655
835
1079
1116
863
513
355
485
750
883
805
637
587
709
868
930
877
773
705
688
690
694
726
788
834
849
838
817
779
731
697
696
691
619
487
416
543
804
991
945
763
665
730
818
787
662
608
666
737
740
685
665
717
813
904
923
854
728
658
728
876
941
847
739
786
955
1029
911
766
811
994
1024
766
473
473
773
1018
925
648
552
759
1027
1086
933
767
731
751
748
755
826
899
864
745
705
837
1002
970
730
519
557
773
901
796
595
541
677
841
881
820
813
901
963
918
833
836
890
847
690
615
809
1109
1172
905
681
924
1482
1733
1314
607
383
903
1610
1739
1174
558
573
1202
1799
1793
1270
775
725
1040
1296
1226
954
795
888
1081
1133
1000
878
916
1055
1147
1143
1064
951
816
701
703
836
950
862
600
432
555
860
1036
903
622
488
588
752
756
590
427
438
620
782
772
613
508
619
891
1088
1018
752
556
601
788
889
810
685
675
733
728
670
686
854
1030
990
710
418
361
563
878
1195
1505
1867
2363
3084
4075
5183
6079
6512
6507
6253
5866
5258
4382
3349
2359
1410
433
-522
-1221
-1473
-1398
-1301
-1322
-1382
-1317
-1126
-956
-807
-572
-236
15
2
-167
-181
119
453
427
28
-300
-181
220
390
139
-118
80
627
941
685
209
87
428
782
801
623
601
792
922
788
596
604
821
971
860
643
604
836
1130
1168
926
668
663
843
908
684
354
287
565
901
992
850
761
891
1100
1164
1081
964
869
790
734
830
1094
1300
1243
993
861
996
1198
1144
830
606
752
1153
1456
1454
1307
1257
1375
1524
1551
1438
1252
1091
1010
1061
1245
1444
1533
1468
1373
1434
1709
2007
2086
1882
1533
1385
1564
1838
1877
1617
1334
1351
1610
1740
1544
1252
1264
1601
1896
1849
1578
1453
1611
1818
1826
1601
1350
1234
1234
1303
1385
1420
1353
1182
1061
1099
1177
1089
817
605
684
868
770
325
-20
183
752
1036
667
19
-240
38
391
378
155
131
341
464
320
130
195
377
361
84
-160
-120
42
74
22
103
298
325
84
-106
77
494
675
388
28
80
528
881
750
299
-9
77
376
563
478
226
44
80
326
614
718
560
299
196
367
621
675
496
344
446
690
742
476
187
213
536
775
668
373
309
609
955
952
630
388
525
870
998
720
331
277
667
1122
1174
783
371
355
689
938
790
411
194
358
746
1006
1009
904
890
976
1017
911
755
672
687
687
607
541
675
997
1249
1146
737
415
476
812
1012
817
414
213
401
779
1018
1010
888
827
837
838
777
702
686
717
748
732
679
629
677
827
952
873
605
416
547
926
1159
1011
720
734
1156
1546
1444
933
538
576
816
823
525
270
334
623
844
922
985
1095
1121
943
695
601
672
744
661
517
556
808
1054
1088
966
905
1027
1203
1199
981
735
682
870
1106
1192
1064
832
668
665
812
991
1089
1061
975
924
981
1118
1248
1247
1142
1048
1076
1203
1283
1203
1072
1072
1214
1306
1175
909
755
843
1026
1079
942
744
614
583
617
690
750
713
583
482
536
701
808
762
645
598
617
618
577
537
582
688
787
854
874
861
840
847
882
887
808
701
663
735
837
871
844
826
864
942
990
961
857
758
801
1056
1367
1518
1512
1707
2403
3508
4490
4964
5032
5080
5281
5365
4957
4024
2878
1848
1052
417
-160
-708
-1149
-1360
-1308
-1093
-933
-932
-968
-859
-561
-259
-151
-214
-253
-119
81
221
280
327
389
415
365
344
403
489
515
490
565
791
1005
974
691
433
510
887
1188
1120
725
375
361
649
905
857
566
342
400
652
836
837
796
906
1137
1330
1343
1223
1136
1140
1158
1115
992
826
688
683
874
1170
1349
1303
1136
1030
1052
1090
1035
946
888
875
873
920
1047
1251
1410
1440
1381
1344
1358
1356
1273
1112
945
868
967
1209
1443
1503
1391
1312
1449
1696
1794
1625
1371
1300
1440
1609
1671
1663
1692
1762
1801
1812
1838
1885
1882
1759
1565
1455
1499
1640
1732
1670
1532
1506
1728
2050
2121
1785
1313
1175
1512
1920
1890
1413
987
1017
1366
1548
1337
1031
949
1041
1015
778
569
607
764
804
700
679
812
909
782
556
512
662
671
314
-159
-259
141
594
576
127
-236
-110
338
616
473
150
26
208
489
640
600
473
340
267
292
357
366
263
106
110
321
563
628
504
411
512
698
723
514
274
217
365
517
534
472
443
484
555
605
609
544
444
358
381
504
605
581
503
555
767
967
926
687
509
574
854
1054
1001
810
699
767
902
961
914
856
829
773
670
593
622
759
858
839
762
752
858
981
1016
949
877
849
868
928
1028
1089
1013
828
688
700
782
779
689
655
759
867
815
678
727
1012
1236
1129
798
622
795
1077
1140
940
719
729
968
1214
1322
1267
1124
948
779
657
615
665
764
828
783
654
610
776
1045
1133
896
539
392
545
772
811
691
633
745
924
1042
1102
1186
1274
1218
980
749
753
955
1070
928
674
605
786
997
1033
971
1031
1201
1236
1009
801
946
1344
1498
1119
547
397
865
1465
1608
1244
862
895
1256
1522
1417
1065
808
842
1019
1128
1064
948
934
1048
1176
1209
1139
1058
1016
1032
1119
1272
1381
1338
1185
1158
1310
1451
1313
939
684
767
1004
1028
808
692
920
1272
1344
1083
810
828
1028
1109
961
757
693
774
891
953
905
768
653
702
897
1031
905
629
553
831
1159
1168
839
610
735
1004
1056
870
779
945
1141
1100
931
936
1173
1374
1335
1292
1592
2262
3006
3625
4170
4761
5287
5558
5546
5368
4981
4207
3071
1894
1036
469
-82
-716
-1161
-1151
-825
-589
-647
-757
-626
-320
-164
-345
-596
-543
-176
147
149
-31
-18
322
677
664
335
118
282
657
813
636
432
524
862
1127
1118
908
729
679
738
822
885
890
840
807
871
1013
1107
1023
839
732
821
984
1024
897
724
679
775
889
958
1000
1074
1133
1093
971
882
954
1135
1249
1170
965
831
883
1058
1193
1175
1049
955
965
1038
1146
1220
1247
1250
1219
1163
1110
1115
1192
1264
1219
1074
1023
1224
1593
1820
1658
1276
1050
1185
1486
1573
1364
1099
1075
1302
1547
1617
1548
1529
1628
1739
1769
1695
1586
1532
1601
1722
1823
1818
1717
1654
1755
1980
2111
1970
1640
1382
1374
1544
1650
1563
1371
1283
1344
1412
1360
1198
1071
1067
1133
1132
981
732
533
497
613
774
869
855
804
793
826
847
824
736
573
348
115
-36
-30
106
249
259
108
-78
-114
32
243
359
329
228
224
337
474
507
396
264
259
398
521
445
205
71
294
760
1035
800
249
-78
141
672
934
675
219
60
336
733
907
823
676
555
422
279
239
339
493
547
507
445
454
538
656
750
721
565
411
445
676
890
870
681
596
720
850
770
564
521
726
943
913
705
635
830
1050
1009
765
609
760
1077
1201
987
675
587
796
1019
961
648
434
570
886
1029
852
616
653
970
1221
1121
776
562
691
974
1039
763
464
496
837
1080
958
682
635
898
1142
1084
903
915
1133
1233
1029
713
595
704
817
801
760
783
798
761
783
995
1238
1164
762
488
739
1265
1443
1056
568
554
960
1206
967
583
569
948
1207
1043
692
614
905
1190
1139
896
805
950
1074
980
804
811
1007
1128
999
792
752
916
1073
1048
925
868
927
1027
1120
1174
1130
987
842
856
1043
1194
1133
1000
1063
1371
1628
1519
1149
908
1006
1234
1250
1021
814
845
1042
1192
1179
1106
1106
1223
1340
1360
1263
1148
1114
1153
1107
917
732
743
912
974
764
481
447
699
929
870
643
596
853
1150
1163
884
627
653
921
1140
1056
717
404
398
679
937
866
519
248
342
703
967
926
728
626
749
955
1017
941
911
1043
1221
1198
949
668
625
846
1096
1177
1219
1526
2202
2993
3580
3959
4366
4926
5425
5514
5071
4265
3398
2648
2000
1335
569
-235
-884
-1136
-955
-608
-452
-616
-859
-817
-506
-227
-229
-405
-430
-210
65
121
-5
-59
129
412
560
506
388
344
410
588
810
962
933
751
644
740
925
933
703
474
493
723
879
823
675
683
843
946
845
659
611
789